image: map.pgm
resolution: 0.100000
origin: [-9.500000, -10.000000, 0.0]
negate: 0
occupied_thresh: 0.65
free_thresh: 0.196

